SQL> 
SQL> -- ==========================================================
SQL> -- Wenn ich das Skript mehrmals ausführe, lösche ich die Tabelle zuerst
SQL> -- ==========================================================
SQL> 
SQL> DROP TABLE Staedte CASCADE CONSTRAINTS;

Table STAEDTE dropped.

SQL> 
SQL> -- ==========================================================
SQL> -- Aufgabe 1a
SQL> -- Tabelle Stadte erstellen
SQL> -- ==========================================================
SQL> 
SQL> -- Einheiten: 
SQL> -- Stadtname: Text (VARCHAR2)
SQL> -- Breitengrad: Dezimalgrad (NUMBER)
SQL> -- Längengrad: Dezimalgrad (NUMBER) 
SQL> 
SQL> CREATE TABLE Staedte (
  2      Stadtname VARCHAR(50) PRIMARY KEY,      -- Name der Stadt
  3      Breitengrad NUMBER(10,2),          -- Breitengrad  in Dezimal
  4      Laengengrad NUMBER(10,2)      -- Längengrad in Dezimal
  5  
  6  );

Table STAEDTE created.

SQL> 
SQL> -- ==========================================================
SQL> -- Aufgabe 1b
SQL> -- Daten in die Tabelle Städte einfügen
SQL> -- ==========================================================
SQL> 
SQL> -- View erstellen zur Zeilenaufteilung
SQL> CREATE OR REPLACE VIEW staedte_lines 
  2  AS
  3  WITH rws AS(
  4      SELECT data
  5      AS str
  6      FROM user001.webservice_loads
  7      WHERE id = 2
  8  )    
  9  -- Splitten von Texten
 10  SELECT TRIM(REGEXP_SUBSTR(
 11           str,
 12           '[^.]+',         -- alles bis zum nächsten Punkt
 13           1,
 14           LEVEL
 15         )) AS value
 16  FROM rws
 17  CONNECT BY LEVEL <= LENGTH(TRIM(BOTH '.' FROM str)) - LENGTH(REPLACE(str, '.')) + 1;

View STAEDTE_LINES created.

SQL> 
SQL> -- Der CONNECT BY-Teil sorgt dafür, dass jede Zeile bis zum nächsten Punkt extrahiert wird.
SQL> 
SQL> -- Schauen ab welcher Position die Werte beginnne
SQL> DECLARE
  2    line VARCHAR2(4000);
  3  BEGIN 
  4       -- Jede Zeile aus der View durchlaufen
  5    FOR r IN (SELECT value FROM staedte_lines) LOOP 
  6     -- Zeilenumbruch entfernen
  7      line := REPLACE(REPLACE(r.value, CHR(10), ''), CHR(13), '');
  8  
  9   -- Die folgenden Zeilen testen, an welcher Position im String sich die Werte befinden
 10      DBMS_OUTPUT.PUT_LINE(SUBSTR(line, 1, 2));        -- Grad Nord
 11      DBMS_OUTPUT.PUT_LINE('m:'||SUBSTR(line, 5, 2));  -- Minuten Nord
 12      DBMS_OUTPUT.PUT_LINE('g:'||SUBSTR(line, 12, 1)); -- Grad Ost
 13      DBMS_OUTPUT.PUT_LINE('m:'||SUBSTR(line, 15, 2)); -- Minuten Ost
 14      DBMS_OUTPUT.PUT_LINE('s:'||SUBSTR(line, 22));    -- Stadtname
 15    END LOOP;
 16  END;
 17  /
50
m:47
g:6
m: 5
s:Aachen
50
m:44
g:7
m: 6
s:Bonn
51
m:14
g:6
m:47
s:Düsseldorf
51
m:25
g:6
m:46
s:Duisburg
51
m:27
g:7
m: 1
s:Essen
50
m:56
g:6
m:57
s:Köln
51
m:20
g:6
m:34
s:Krefeld
51
m: 2
g:6
m:59
s:Leverkusen
51
m:11
g:6
m:27
s:Mönchengladbach
51
m:26
g:6
m:53
s:Mülheim an der Ruhr
51
m:28
g:6
m:52
s:Oberhausen
51
m:11
g:7
m:12
s:Remscheid
51
m:10
g:7
m: 5
s:Solingen
51
m:16
g:7
m:13
s:Wuppertal


PL/SQL procedure successfully completed.

SQL> 
SQL> -- Daten in die Tabelle Städte einfügen
SQL> DECLARE
  2      v_line VARCHAR2(1000);
  3      n_g NUMBER(10,2);
  4      n_m NUMBER(10,2);
  5      o_g NUMBER(10,2);
  6      o_m NUMBER(10,2);
  7      stadtname VARCHAR2(100);
  8  BEGIN
  9      FOR r IN (SELECT value FROM staedte_lines) LOOP 
 10           -- Zeilenumbrüche entfernen
 11          v_line := REPLACE(REPLACE(r.value, CHR(10), ''), CHR(13), '');
 12  
 13          -- Einzelne Werte aus der Textzeile an den jeweiligen Positionen auslesen
 14          n_g := TO_NUMBER(SUBSTR(v_line, 1, 2));        -- Grad Nord
 15          n_m := TO_NUMBER(SUBSTR(v_line, 5, 2));        -- Minuten Nord
 16          o_g := TO_NUMBER(SUBSTR(v_line, 12, 1));       -- Grad Ost
 17          o_m := TO_NUMBER(SUBSTR(v_line, 15, 2));       -- Minuten Ost
 18          stadtname := SUBSTR(v_line, 22);               -- Stadtname
 19  
 20          -- Umrechnung Minuten --> Dezimal 
 21          INSERT INTO Staedte (Stadtname, Breitengrad, Laengengrad)
 22          VALUES (
 23              stadtname,
 24              n_g + n_m / 60,     -- Nordkoordinate in Dezimal
 25              o_g + o_m / 60      -- Ostkoordinate in Dezimal
 26          );
 27      END LOOP;
 28  END;
 29  /

PL/SQL procedure successfully completed.

SQL> 
SQL> -- Test: Alle Daten aus der Tabelle Städte anzeigen
SQL> Select * From Staedte;

STADTNAME                                          BREITENGRAD LAENGENGRAD
-------------------------------------------------- ----------- -----------
Aachen                                                   50,78        6,08
Bonn                                                     50,73         7,1
Düsseldorf                                               51,23        6,78
Duisburg                                                 51,42        6,77
Essen                                                    51,45        7,02
Köln                                                     50,93        6,95
Krefeld                                                  51,33        6,57
Leverkusen                                               51,03        6,98
Mönchengladbach                                          51,18        6,45
Mülheim an der Ruhr                                      51,43        6,88
Oberhausen                                               51,47        6,87

STADTNAME                                          BREITENGRAD LAENGENGRAD
-------------------------------------------------- ----------- -----------
Remscheid                                                51,18         7,2
Solingen                                                 51,17        7,08
Wuppertal                                                51,27        7,22

14 rows selected. 

SQL> 
SQL> -- ==========================================================
SQL> -- Aufgabe 1c
SQL> -- Funktion: Abstand zwischen zwei Städten (km, mit Erdkrümmung)
SQL> -- ==========================================================
SQL> 
SQL> CREATE OR REPLACE FUNCTION abstand (a staedte%ROWTYPE, b staedte%ROWTYPE)
  2  RETURN NUMBER
  3  AS
  4      dist_y NUMBER(10,5);        -- Nord-Süd-Distanz
  5      dist_x NUMBER(10,5);        -- Ost-West-Distanz
  6      rad CONSTANT NUMBER := ACOS(-1) / 180; -- Grad --> Radiant-Umrechnungsfaktor
  7      erdradius CONSTANT NUMBER := 6378.137; -- Erdradius in km
  8      distanz NUMBER(10,2);
  9  BEGIN
 10   -- Längengrad-Differenz, korrigiert um den Cosinus des mittleren Breitengrads zu ermitteln
 11      dist_x := (b.Laengengrad - a.Laengengrad) * COS((a.Breitengrad + b.Breitengrad) / 2 * rad);
 12  
 13      -- Differenz der Breitengrade (Nord-Süd)
 14      dist_y := b.Breitengrad - a.Breitengrad;
 15  
 16      -- Pythagoras auf der Kugeloberfläche, dann in km umrechnen
 17      distanz := erdradius * rad * SQRT(dist_x * dist_x + dist_y * dist_y);
 18  
 19      RETURN ROUND(distanz, 2);
 20  END abstand;
 21  /

Function ABSTAND compiled

No errors.
SQL> 
SQL> -- Test: Entfernung zwischen Düsseldorf und Köln
SQL> DECLARE
  2      stadt_a staedte%ROWTYPE;
  3      stadt_b staedte%ROWTYPE;
  4      entfernung NUMBER;
  5  BEGIN
  6    -- Daten für Düsseldorf und Köln aus Tabelle holen
  7      SELECT * INTO stadt_a FROM Staedte WHERE Stadtname = 'Düsseldorf';
  8      SELECT * INTO stadt_b FROM Staedte WHERE Stadtname = 'Köln';
  9  
 10      -- Abstand berechnen
 11      entfernung := abstand(stadt_a, stadt_b);
 12  
 13      DBMS_OUTPUT.PUT_LINE('Entfernung zwischen Düsseldorf und Köln: ' ||  entfernung || ' km');
 14  END;
 15  /
Entfernung zwischen Düsseldorf und Köln: 35,45 km


PL/SQL procedure successfully completed.

SQL> 
SQL> -- ==========================================================
SQL> -- Aufgabe 1d
SQL> -- Prozedur: Entfernungstabelle 
SQL> -- ================================================================================================
SQL> CREATE OR REPLACE PROCEDURE entfernungs_tabelle AS
  2  BEGIN
  3    -- Überschrift: 2-Buchstaben-Kürzel je Stadt
  4    DBMS_OUTPUT.PUT('-                  ');
  5    FOR stadt IN (SELECT * FROM Staedte ORDER BY Stadtname) LOOP
  6      DBMS_OUTPUT.PUT(LPAD(SUBSTR(stadt.Stadtname, 1, 2), 10));
  7    END LOOP;
  8    DBMS_OUTPUT.NEW_LINE;
  9  
 10    -- Matrix: Zeile = Ausgangsstadt, Spalte = Zielstadt
 11    FOR stadt IN (SELECT * FROM Staedte ORDER BY Stadtname) LOOP
 12      DBMS_OUTPUT.PUT(RPAD(stadt.Stadtname, 20));
 13      FOR ziel IN (SELECT * FROM Staedte ORDER BY Stadtname) LOOP
 14        -- wichtig: TO_CHAR mit Format-Model, nicht „10”
 15        DBMS_OUTPUT.PUT(LPAD(TO_CHAR(abstand(stadt, ziel), 'FM9990.00'), 10));
 16      END LOOP;
 17      DBMS_OUTPUT.NEW_LINE;
 18    END LOOP;
 19  END;
 20  /

Procedure ENTFERNUNGS_TABELLE compiled

No errors.
SQL> 
SQL> -- Test: Entfernungstabelle ausgeben
SQL> EXECUTE entfernungs_tabelle();
-                          Aa        Bo        Du        Dü        Es        Kr        Kö        Le        Mö        Mü        Ob        Re        So        Wu
Aachen                    0.00     72.05     86.04     70.10     99.39     70.17     63.38     69.04     51.53     91.45     94.58     90.25     82.45     96.68
Bonn                     72.05      0.00     80.20     60.01     80.34     76.41     24.64     34.44     67.73     79.43     83.93     50.58     49.00     60.70
Duisburg                 86.04     80.20      0.00     21.16     17.67     17.13     55.97     45.82     34.78      7.72      8.90     40.12     35.22     35.47
Düsseldorf               70.10     60.01     21.16      0.00     29.64     18.38     35.45     26.28     23.68     23.33     27.44     29.82     21.97     30.98
Essen                    99.39     80.34     17.67     29.64      0.00     33.99     58.09     46.84     49.76      9.97     10.64     32.56     31.45     24.39
Krefeld                  70.17     76.41     17.13     18.38     33.99      0.00     51.84     43.98     18.67     24.25     26.02     46.96     39.75     45.73
Köln                     63.38     24.64     55.97     35.45     58.09     51.84      0.00     11.33     44.71     55.87     60.37     32.87     28.22     42.29
Leverkusen               69.04     34.44     45.82     26.28     46.84     43.98     11.33      0.00     40.63     45.07     49.58     22.70     17.08     31.54
Mönchengladbach          51.53     67.73     34.78     23.68     49.76     18.67     44.71     40.63      0.00     40.87     43.54     52.34     43.98     54.61
Mülheim an der Ruhr      91.45     79.43      7.72     23.33      9.97     24.25     55.87     45.07     40.87      0.00      4.51     35.64     32.12     29.60
Oberhausen               94.58     83.93      8.90     27.44     10.64     26.02     60.37     49.58     43.54      4.51      0.00     39.61     36.45     32.97
Remscheid                90.25     50.58     40.12     29.82     32.56     46.96     32.87     22.70     52.34     35.64     39.61      0.00      8.45     10.12
Solingen                 82.45     49.00     35.22     21.97     31.45     39.75     28.22     17.08     43.98     32.12     36.45      8.45      0.00     14.81
Wuppertal                96.68     60.70     35.47     30.98     24.39     45.73     42.29     31.54     54.61     29.60     32.97     10.12     14.81      0.00


PL/SQL procedure successfully completed.

SQL> -- ==========================================================
SQL> -- Praktikum 5
SQL> -- ==========================================================
SQL> 
SQL> Set SERVEROUTPUT ON;
SQL> Set Echo ON;
SQL> SPOOl Praktikum5_Dani.log;
